# Expected Directions
Tract Name	Cingulum_Frontal_Parahippocampal_L	Cingulum_Frontal_Parietal_L	Cingulum_Frontal_Parietal_R	Cingulum_Rarolfactory_R	Inferior_Longitudinal_Fasciculus_L	Superior_Longitudinal_Fasciculus1_L	Superior_Longitudinal_Fasciculus1_R	Superior_Longitudinal_Fasciculus3_R	Acoustic_Radiation_L	Corticopontine_Tract_Parietal_R	Corticostriatal_Tract_Superior_L	Corticostriatal_Tract_Superior_R	Thalamic_Radiation_Posterior_L	Thalamic_Radiation_Posterior_R	Thalamic_Radiation_Superior_L	Thalamic_Radiation_Superior_R	Corpus_Callosum_Body	Corpus_Callosum_Tapetum	Corpus_Callosum_Forceps_Major	Cerebellum_L	Cerebellum_R	Inferior_Cerebellar_Peduncle_R	Middle_Cerebellar_Peduncle	Superior_Cerebellar_Peduncle	
number of tracts	1	7	154	8	4	4	21	32	76	3	292	114	161	1	382	202	31	24	19	101	28	1	176	3
mean length(mm)	52.0092	59.7228	53.5812	56.0249	51.5195	52.0002	55.6217	51.8914	53.5297	51.9829	53.6871	53.9744	56.1953	52.0052	55.3651	53.8612	58.6599	54.5068	60.5354	52.5208	52.3578	50.0196	54.1674	50.6966
span(mm)	25.2525	28.991	25.7945	26.7384	24.9351	25.3234	25.0361	24.7706	25.7013	25.5133	24.496	23.2807	22.805	20.5054	26.3815	24.6052	21.4998	22.856	23.9717	23.8953	24.5898	20.7051	24.9216	22.534
curl	2.05956	2.06005	2.07723	2.0953	2.06615	2.05345	2.22166	2.09488	2.08276	2.03748	2.19166	2.31842	2.46417	2.53618	2.09863	2.18901	2.7284	2.3848	2.52529	2.19795	2.12925	2.41582	2.17351	2.24978
elongation	44.0278	26.6256	8.83443	19.6141	26.2386	23.1536	16.7974	13.0439	8.44794	29.4737	5.04185	7.54391	8.89643	40.3052	5.46006	7.04872	12.0104	17.3196	15.7093	8.5707	13.5498	41.1663	6.08247	23.9104
diameter(mm)	1.18128	2.24306	6.06505	2.85635	1.9635	2.24588	3.31132	3.97821	6.33642	1.76371	10.6483	7.15469	6.31662	1.29029	10.14	7.64127	4.88408	3.14711	3.85348	6.12795	3.8641	1.21506	8.9055	2.12028
volume(mm^3)	57	236	1548	359	156	206	479	645	1688	127	4781	2170	1761	68	4471	2470	1099	424	706	1549	614	58	3374	179
trunk volume(mm^3)	57	109	1141	281	63	105	124	591	752	84	0	738	1460	68	2858	1028	0	296	269	603	244	58	776	0
branch volume(mm^3)	0	127	407	78	93	101	355	54	936	43	4781	1432	301	0	1613	1442	1099	128	437	946	370	0	2598	179
total surface area(mm^2)	555	1203	4606	1712	972	1148	2005	2175	5299	858	14071	6793	5826	690	12244	7698	5454	1865	3132	5913	2868	617	10856	1895
total radius of end regions(mm)	0	4.42602	13.92	2.82951	2.21398	3.14994	4.99471	3.53421	9.28363	1.97536	24.8314	14.8803	8.23799	0	18.6483	17.5113	22.3906	5.09524	9.53769	13.5866	9.43742	0	26.9465	25.5611
total area of end regions(mm^2)	2	13	218	14	8	7	33	48	125	6	424	176	196	2	520	254	54	41	31	139	43	2	247	6
irregularity	2.87548	2.85848	4.51156	3.40535	3.05853	3.12897	3.46513	3.35372	4.97285	2.97886	7.83476	5.59929	5.22439	3.27315	6.94221	5.95369	6.05955	3.46071	4.27376	5.84806	4.51231	3.23144	7.16347	5.61162
area of end region 1(mm^2)	1	7	113	8	4	4	18	23	64	3	232	83	122	1	280	117	27	19	16	73	19	1	121	3
radius of end region 1(mm)	0	3.54836	7.22104	1.26122	1.28268	1.20375	2.78368	1.42426	5.31029	1.48483	12.0648	5.06752	5.00374	0	9.49166	7.69909	10.0437	1.91606	7.12165	4.89654	4.76078	0	17.8062	18.3559
irregularity of end region 1	0	5.65076	1.44967	0.624653	1.2922	1.13806	1.35243	0.277076	1.38422	2.30877	1.97107	0.971992	0.644732	0	1.01082	1.59163	11.7374	0.607038	9.95844	1.03182	3.74759	0	8.23199	352.841
area of end region 2(mm^2)	1	6	105	6	4	3	15	25	61	3	192	93	74	1	240	137	27	22	15	66	24	1	126	3
radius of end region 2(mm)	0	0.877658	6.69892	1.56829	0.931297	1.94619	2.21103	2.10995	3.97334	0.490529	12.7666	9.81278	3.23425	0	9.1566	9.81223	12.3469	3.17917	2.41604	8.69004	4.67664	0	9.14037	7.20519
irregularity of end region 2	0	0.40332	1.34267	1.28781	0.681187	3.96643	1.02388	0.55944	0.813077	0.251976	2.66684	3.25275	0.444085	0	1.09751	2.20782	17.7378	1.4433	1.22255	3.59459	2.8629	0	2.08308	54.365
qa	0.271595	0.282032	0.251418	0.255503	0.358386	0.248619	0.225453	0.229499	0.373137	0.406262	0.314181	0.330893	0.340353	0.258773	0.338996	0.315599	0.3394	0.358253	0.419761	0.115315	0.109312	0.228642	0.24422	0.23705
inc_t	1.20395	1.07442	1.68374	1.32432	1.24749	1.2889	1.64244	1.26596	1.22487	1.04804	1.62564	1.67006	1.64021	1.61113	1.4671	1.81234	1.6278	1.72989	1.10558	1.75245	1.33611	1.23361	1.38416	1.27418
dec_t	0.0783209	0.0732873	0.0286821	0.0515574	0.0714815	0.0942466	0.0225546	0.0461224	0.0200154	0.033257	0.0126735	0.0365705	0.0239665	0.0325156	0.0139086	0.0253623	0.0362417	0.0230809	0.0399195	0.0124954	0.0475385	0.0211773	0.0368137	0.0415658
qa_map	0.276797	0.286982	0.255553	0.260481	0.362994	0.261054	0.227451	0.234872	0.37717	0.409766	0.317096	0.334341	0.344476	0.261769	0.341975	0.319016	0.34398	0.362591	0.424322	0.116722	0.110198	0.231139	0.247713	0.242093
mni_icbm152_t1_tal_nlin_asym_09c	215.126	214.546	212.599	201.379	227.992	213.292	216.951	221.856	209.897	205.652	213.591	213.453	215.733	220.298	209.68	214.23	212.291	170.362	202.998	192.177	186.079	213.673	218.015	215.004
mni_icbm152_wm_tal_nlin_asym_09c	0.949621	0.946811	0.890493	0.70409	0.989957	0.924698	0.941115	0.994728	0.919611	0.876567	0.934353	0.891574	0.929633	0.979987	0.909336	0.912807	0.886754	0.464693	0.78962	0.354219	0.287426	0.811303	0.92448	0.904383
